           1  0.293114424       6.15457892E-02  0.180910826    
           1  0.449313521      0.117851555       2.35992670E-02
           1  0.651068032      0.103460431      0.283374250    
           1  0.646014035      0.240167916      0.137077153    
           1 -0.140477538      0.407628655      0.315272450    
                        2  0.293114424       6.15457892E-02  0.180910826    
                        2  0.449313521      0.117851555       2.35992670E-02
                        2  0.252038360      0.628690779      0.390507758    
                        2  0.298270345      0.632573783      0.418849289  
                        next is new  
                        2  0.165184081     -0.118806481      0.189808965    why does it decrease after here?
           3  0.293114424       6.15457892E-02  0.180910826    
           3  0.449313521      0.117851555       2.35992670E-02
           3  0.467982590      0.516403615     -0.206788242    
           3  0.591388166      0.657325149     -0.176354706    
           0           1
 Total number of Particles:            5
           1           1
           2           2
           3           0
           4           0
           5           0
           6           1
           7           0

 0.44931352138519287     0.11785155534744263     0.02359926700592041
 0.53686320781707764     0.20854216814041138     0.89725035429000854