           1  0.536863208      0.208542168      0.897250354    
           2  0.536863208      0.208542168      0.897250354    
           2  0.591388166      0.657325149      0.823645294    
           2  0.467982590      0.516403615      0.793211758    
           3  0.536863208      0.208542168      0.897250354    
           3  0.646014035      0.240167916       1.13707709    
           3   1.16518402     -0.118806481       1.18980896    
           3  0.859522462      0.407628655      0.315272450    
           3  0.651068032      0.103460431      0.283374250    
           3  0.252038360      0.628690779      0.390507758    
           3  0.298270345      0.632573783      0.418849289    
           5           0
           1           1
           3           0
           4           0
           6           1
           7           0
           0           1
 Total number of Particles:            5
           2           2
